.Random.seed <-
c(403L, 10L, 1956024933L, -1146374401L, 1192962950L, 142437648L, 
-463583821L, -1718847919L, -1236978176L, -1070591266L, -1609301719L, 
-1576850213L, -243737622L, -308499572L, -2052199217L, -808463227L, 
-1055989956L, -57926126L, -371524339L, -92518841L, -1131643858L, 
813490568L, 1481816203L, 753898089L, -1857057224L, -228161818L, 
-553033087L, -219427309L, -1765836350L, -979783052L, 934810743L, 
1855683949L, -2027412988L, 895041834L, 852915861L, 686316847L, 
-185145290L, -1725121440L, 1561916067L, 34334145L, -362876496L, 
-1072058162L, -1332498887L, -542224309L, -254172678L, 1228545276L, 
1017082175L, 2096516629L, 1781222700L, 522321410L, -1209506595L, 
-840613929L, -2093442370L, 2080611576L, -17333541L, -1073088199L, 
924892296L, -345207754L, -1089906575L, 521153187L, 91377650L, 
2141266756L, -1123243001L, 1446709725L, 503625428L, -941827590L, 
790132037L, 1245618591L, 1543176998L, -1495786576L, 59607123L, 
-1492843663L, 39457440L, 2087585342L, 1863003465L, -908807173L, 
-79988790L, 1952377132L, -269785809L, 1793158117L, -1419185508L, 
1987999474L, 647833453L, 2042523815L, 347165390L, 508338216L, 
601136171L, 326069833L, 2071824216L, -959147514L, 1439726561L, 
-148252301L, -1886676510L, 970136916L, -1159441321L, 1878267981L, 
-1292264476L, -413050422L, 1298767925L, 166313615L, -1598386282L, 
473912128L, -1652154877L, -1917205471L, 762488592L, -547824402L, 
70468761L, 238309675L, -118675430L, 1646994140L, -1626438945L, 
389627061L, 1662769740L, 423290530L, -1312682499L, -616274185L, 
513847326L, 445391576L, -2063169989L, 809989081L, -104611480L, 
-747186026L, 1709544977L, 808021955L, -754191406L, 593014372L, 
-584901209L, 544117501L, 612984564L, -1906069030L, -101280475L, 
-1574996929L, -1531034682L, 1197035600L, 1113955443L, -1792118639L, 
-962555712L, -1964565858L, -1890519447L, -2127362405L, -2027672662L, 
827772876L, -833158513L, -80876859L, -209239428L, 267357906L, 
1847052877L, -896825593L, -1204008210L, -1544675384L, -939171637L, 
-1098809047L, -1083811464L, 338620070L, -1080403775L, -523407021L, 
270999042L, 992003892L, -1913871177L, -2077993811L, -967986748L, 
764187114L, 2030308949L, 1512800239L, 491188214L, -980375264L, 
-677034269L, -1375182975L, 1945135600L, -1690740594L, 1486839801L, 
1032713611L, 479674L, -1802612548L, -2106674177L, -993017515L, 
1038662252L, 334122690L, -650479331L, 1843621783L, -802641154L, 
-741420872L, -1523238245L, -259237639L, 965003848L, -280980106L, 
2127406257L, -421443357L, -494155854L, -801490940L, 622119751L, 
-1061731811L, -2008459116L, 837187642L, 1777007237L, 1799367519L, 
2072994790L, 455011952L, 1524040083L, -436672975L, 2008677600L, 
-717632130L, -785358839L, -560533445L, 473628170L, -22524436L, 
-1465433489L, 1900449189L, 1992641884L, -941919950L, -1422716883L, 
949645031L, 424559630L, 363982312L, -399558677L, -138844023L, 
-613192680L, -233796794L, -1512400479L, -1599772621L, -2089278046L, 
-1707401068L, -477100265L, 82686221L, -1474095068L, 1298937866L, 
-1237766795L, 726605007L, 1118490582L, -1940509804L, -2055307198L, 
-984419072L, 1545864252L, 38437200L, -161427294L, 614629704L, 
-111978740L, 1036002012L, -918114990L, 129352832L, -1754021804L, 
447614952L, -1316910854L, 603450192L, -1269039316L, 1549781364L, 
-1681233006L, 143607904L, 1559948684L, -2136089760L, 1351473634L, 
743486376L, -734120756L, 1849499644L, -1372609102L, 1641387504L, 
-974107708L, -1635105448L, 1342953850L, 1209992112L, 1777084860L, 
-134965164L, 2050701250L, 391770144L, -38709060L, -1074056624L, 
1651274722L, 2027962472L, -1614150580L, 1487878396L, -312341518L, 
1138215168L, 295723380L, -1408652280L, 1370300346L, -170479152L, 
1280228332L, 309772692L, -1254403630L, 1502179680L, 2081288012L, 
484047136L, -1584398462L, -1018302744L, -2102050580L, 967570492L, 
1143929714L, -809738640L, 1916752932L, 256994104L, 341634202L, 
-569232688L, -1654251332L, -1447498092L, 81139330L, -1170757440L, 
-1552080068L, -1153672048L, -1465770462L, -101707768L, 230587660L, 
-2090488676L, -309723630L, 1269235584L, 1823313428L, 1220323880L, 
1630451002L, 1355123152L, 1137734764L, -359823052L, 1172158098L, 
-1097692320L, 163779404L, -1488021536L, 1316698018L, -911030360L, 
-525750900L, -489215812L, -1545565838L, 2026190064L, 1118163012L, 
1349575000L, 1777903162L, 1470544752L, -1277380548L, -165904620L, 
617129410L, 1417738976L, 392443772L, 604831440L, -1144063838L, 
-596964312L, -815971060L, -1441445956L, 229640498L, 6900160L, 
2001537588L, 2110569416L, 616642746L, -1010013808L, 888861164L, 
327492180L, -1307160430L, -27939040L, 460974540L, 70882784L, 
1788753602L, 1834140712L, -1264987476L, -725154628L, 533105138L, 
1040159024L, 486954148L, 1000416952L, 1453702490L, -1673103984L, 
-578186372L, 1477970196L, -812129470L, 3758848L, 955594684L, 
-1120985264L, -426933470L, 1056251208L, -67630580L, 1813112924L, 
-1728152366L, 220543488L, 738725204L, 276968L, -1657656326L, 
1341325520L, 1077808428L, -446176524L, -2009187950L, 1173935200L, 
-406674164L, 152851168L, -1843312286L, 156883624L, 469090892L, 
1713779068L, -1175198414L, -265744272L, 1004783428L, 1467555288L, 
-473207686L, 1175416368L, 1525099196L, -183312556L, 1275089986L, 
-650601056L, -1491801412L, 1348008400L, -1510924958L, -1424240664L, 
-84834356L, -1578840324L, 1263092210L, -1809299328L, -1563990796L, 
1072203400L, -1940072646L, -927231152L, 367265388L, 469614740L, 
2088317266L, 118685408L, -890350900L, 1948373152L, -88425598L, 
-93318424L, -89312532L, -1347871684L, -442494350L, 1023186032L, 
-214637020L, -833420232L, -1837918182L, 838474448L, 1166595132L, 
-1216330604L, 1481964674L, -1409038400L, 852498748L, -1219931504L, 
-809776094L, -1001397240L, -1852389236L, 559930396L, -1319045486L, 
-1473207168L, -1522978796L, 1165002024L, 1457032762L, -325385008L, 
-1753672596L, 1152733876L, 496400402L, -561305632L, 604819404L, 
544452064L, -1495335390L, 1262389544L, -1245515508L, 316245564L, 
-970895118L, 1576315632L, -1584024764L, 109402712L, 1383440954L, 
1389594352L, 1534250172L, 316452372L, 1025409218L, -1141776288L, 
-852579992L, 324378449L, -1709220797L, -1457044156L, 1345783282L, 
1569263559L, 72348049L, 2112652566L, 1130610036L, 1199864837L, 
842615887L, 53502024L, 521655782L, 930966291L, 1910574197L, 543929938L, 
1756450976L, 1484138889L, 1299294651L, -1516263924L, -912752742L, 
-1211455729L, 1841536345L, 1712936942L, 959659644L, 950224621L, 
425816471L, 1612962400L, -484257730L, -839337717L, 1609726861L, 
-1067059014L, -57114888L, -1213926239L, 1992110163L, 652155764L, 
-434411262L, -2080732777L, 1406579553L, 514041766L, 507814308L, 
782366805L, 159214847L, -742706792L, -1115092298L, -73497789L, 
-971997563L, -883535070L, 1842751504L, 1695110073L, 138523755L, 
-1848178852L, 1327160970L, 460532351L, -1682451511L, 1763922014L, 
238187276L, -975635747L, -1411705881L, -1737021424L, 1835459886L, 
-878855717L, -874094915L, 784845866L, -165622584L, -181368335L, 
-186398877L, 1662926692L, -994060654L, 636695399L, -810640079L, 
-257083786L, -1833908332L, 1038046117L, 786605231L, -567781016L, 
2124308806L, -1850115853L, 2078426709L, -1187567054L, -833775616L, 
-1556845335L, -100414629L, -670708308L, -1872128582L, -1329138833L, 
-1091066631L, 1380825486L, -143922084L, 2044804813L, 1379826231L, 
-1498918720L, 1082605470L, -1151114133L, 601146349L, 1655932506L, 
-33928936L, -1813776767L, 1013468211L, -1004889516L, 438300258L, 
1594433783L, -1281674431L, 1079110086L, -656911612L, -1203349835L, 
701292959L, -2049565192L, 1979773910L, -1483420061L, -594964955L, 
-1836974654L, 2126328496L, 884734681L, -361628597L, -825269572L, 
489988330L, -1009222369L, 5399977L, 1587839806L, -1960518100L, 
-254710659L, 1044608711L, -99962960L, 380936654L, -164005125L, 
-2127173283L, 1440144010L, 1281042600L, 313252881L, 416599299L, 
-1121992700L, -1693061070L, 893294727L, 1972180177L, 1942343254L, 
523206196L, 215971141L, 1866446735L, -2097011960L, 11347238L, 
1049238995L, 1927157557L, -2046722414L, -225244576L, 381111241L, 
1505045243L, 540529868L, 2084433242L, 156565583L, 435039513L, 
